rank_kendall: 0.6222280701754386
rank_spearman: 0.7070175438596491
score_r: 0.8413568662040085
