rank_kendall: 0.5111052631578947
rank_spearman: 0.5842105263157894
score_r: 0.6730696007587007
