rank_kendall: 0.3111228070175438
rank_spearman: 0.3719298245614035
score_r: 0.4624010829382293
