rank_kendall: 0.2573157894736842
rank_spearman: 0.3140350877192982
score_r: 0.38242761946627346
