rank_kendall: 0.36491228070175435
rank_spearman: 0.41052631578947374
score_r: 0.34053413989899095
