rank_kendall: 0.25849122807017544
rank_spearman: 0.2842105263157894
score_r: 0.27168081708158626
