rank_kendall: 0.39533333333333337
rank_spearman: 0.45964912280701753
score_r: 0.6143117026809015
