rank_kendall: 0.4081929824561404
rank_spearman: 0.4789473684210526
score_r: 0.7297512944512652
