linf9_score:
  cdk8: 0.2613291904022083
  cmet: -0.07446122298968012
  eg5: -0.18007420762097356
  hif2a: 0.42219614265087707
  pfkfb3: 0.4829268292682927
  shp2: 0.6007692307692307
  syk: 0.2534536252979903
  tnks2: -0.0061059380958679585
xgb_score:
  cdk8: 0.24022183271587613
  cmet: -0.18201632286366254
  eg5: -0.0306975818166652
  hif2a: 0.33188767434959504
  pfkfb3: 0.3834138566064217
  shp2: 0.48307692307692307
  syk: 0.05184140998137604
  tnks2: 0.14379484215769042
