linf9_score:
  cdk8: 0.1303295577775116
  cmet: -0.04789903233254277
  eg5: -0.19816385404865125
  hif2a: 0.22390663325685917
  pfkfb3: 0.26191369606003756
  shp2: 0.5207692307692308
  syk: 0.12672681264899516
  tnks2: 0.18592581501917935
xgb_score:
  cdk8: 0.07504838288473675
  cmet: -0.24907496812922242
  eg5: -0.09647811428094778
  hif2a: 0.2296716848596606
  pfkfb3: 0.24803001876172615
  shp2: 0.3915384615384615
  syk: -0.09296588758844528
  tnks2: 0.294611513125629
